{
  "animation": [
        {
            "name": "anchor",
            "time": [0.0, 0.3333, 0.6667],
            "transform": [
                [0.766044, -0.642788, 0.0, 0.0, 0.642788, 0.766044, 0.0, 0.0, 0.0, 0.0, 1.0, 0.65, 0.0, 0.0, 0.0, 1.0],
                [0.766044, -0.642788, 0.0, 0.0, 0.642788, 0.766044, 0.0, 0.0, 0.0, 0.0, 1.0, 0.65, 0.0, 0.0, 0.0, 1.0],
                [0.766044, -0.642788, 0.0, 0.0, 0.642788, 0.766044, 0.0, 0.0, 0.0, 0.0, 1.0, 0.65, 0.0, 0.0, 0.0, 1.0]
            ]
        },
        {
            "name": "body",
            "time": [0.0, 0.3333, 0.6667],
            "transform": [
                [1.0, 0.0, 0.0, 0.0, 0.0, 0.34202, -0.939693, 0.0, 0.0, 0.939693, 0.34202, 0.0, 0.0, 0.0, 0.0, 1.0],
                [1.0, 0.0, 0.0, 0.0, 0.0, 0.34202, -0.939693, 0.0, 0.0, 0.939693, 0.34202, 0.0, 0.0, 0.0, 0.0, 1.0],
                [1.0, 0.0, 0.0, 0.0, 0.0, 0.34202, -0.939693, 0.0, 0.0, 0.939693, 0.34202, 0.0, 0.0, 0.0, 0.0, 1.0]
            ]
        },
        {
            "name": "low_body",
            "time": [0.0, 0.3333, 0.4667, 0.6667],
            "transform": [
                [0.866025, -0.383022, 0.321394, 0.0, 0.17101, 0.830924, 0.529454, 0.375, -0.469846, -0.403559, 0.785102, -0.0, 0.0, 0.0, 0.0, 1.0],
                [0.866025, -0.383022, 0.321394, 0.0, 0.17101, 0.830924, 0.529454, 0.375, -0.469846, -0.403559, 0.785102, -0.0, 0.0, 0.0, 0.0, 1.0],
                [0.866025, 0.383022, -0.321394, 0.0, -0.17101, 0.830924, 0.529454, 0.375, 0.469846, -0.403559, 0.785102, -0.0, 0.0, 0.0, 0.0, 1.0],
                [0.866025, 0.383022, -0.321394, 0.0, -0.17101, 0.830924, 0.529454, 0.375, 0.469846, -0.403559, 0.785102, -0.0, 0.0, 0.0, 0.0, 1.0]
            ]
        },
        {
            "name": "head",
            "time": [0.0, 0.3333, 0.6667],
            "transform": [
                [-0.34202, 0.0819, 0.936117, 0.0, 0.719846, 0.663177, 0.204983, 0.375, -0.604023, 0.743969, -0.285775, 0.0, 0.0, 0.0, 0.0, 1.0],
                [-0.34202, 0.0819, 0.936117, 0.0, 0.719846, 0.663177, 0.204983, 0.375, -0.604023, 0.743968, -0.285775, 0.0, 0.0, 0.0, 0.0, 1.0],
                [0.260446, 0.016443, 0.965348, -0.0, 0.7079, 0.676658, -0.202514, 0.375, -0.656541, 0.736114, 0.164593, 0.0, 0.0, 0.0, 0.0, 1.0]
            ]
        },
        {
            "name": "left_arm",
            "time": [0.0, 0.3333, 0.4667, 0.6, 0.6667],
            "transform": [
                [0.0, 0.173648, 0.984808, -0.375, -0.965926, -0.254887, 0.044944, 0.25, 0.258819, -0.951251, 0.167731, -0.0, 0.0, 0.0, 0.0, 1.0],
                [0.0, 0.0, 1.0, -0.375, -0.972759, -0.23182, 0.0, 0.25, 0.23182, -0.972759, 0.0, -0.0, 0.0, 0.0, 0.0, 1.0],
                [0.704976, -0.506237, 0.496722, -0.375, -0.693257, -0.344059, 0.63326, 0.25, -0.149678, -0.790789, -0.593505, 0.0, 0.0, 0.0, 0.0, 1.0],
                [0.654863, -0.604759, 0.453233, -0.375, -0.700352, -0.710992, 0.063225, 0.25, 0.28401, -0.358826, -0.889147, 0.0, 0.0, 0.0, 0.0, 1.0],
                [0.654863, -0.604759, 0.453233, -0.375, -0.700352, -0.710992, 0.063225, 0.25, 0.28401, -0.358826, -0.889147, 0.0, 0.0, 0.0, 0.0, 1.0]
            ]
        },
        {
            "name": "low_left_arm",
            "time": [0.0, 0.3333, 0.6667],
            "transform": [
                [0.99863, -0.011412, -0.051058, 0.0, 0.00674, 0.99585, -0.090759, 0.25, 0.051882, 0.09029, 0.994563, 0.0, 0.0, 0.0, 0.0, 1.0],
                [0.99863, -0.002372, -0.052264, -0.0, -0.002372, 0.995891, -0.090524, 0.25, 0.052264, 0.090524, 0.994522, 0.0, 0.0, 0.0, 0.0, 1.0],
                [0.99863, -0.002372, -0.052264, -0.0, -0.002372, 0.995891, -0.090524, 0.25, 0.052264, 0.090524, 0.994522, -0.0, 0.0, 0.0, 0.0, 1.0]
            ]
        },
        {
            "name": "low_left_arm.end",
            "time": [0.3333, 0.0, 0.6667],
            "transform": [
                [-1.0, 0.0, -0.0, 0.0, 0.0, 1.0, 0.0, 0.25, 0.0, 0.0, -1.0, 0.0, 0.0, 0.0, 0.0, 1.0],
                [-1.0, 0.0, -0.0, 0.0, -0.0, 1.0, 0.0, 0.25, 0.0, 0.0, -1.0, 0.0, 0.0, 0.0, 0.0, 1.0],
                [-1.0, 0.0, -0.0, 0.0, 0.0, 1.0, 0.0, 0.25, 0.0, 0.0, -1.0, 0.0, 0.0, 0.0, 0.0, 1.0]
            ]
        },
        {
            "name": "low_left_arm.item",
            "time": [0.0, 0.1333, 0.2, 0.2667, 0.3333, 0.6667],
            "transform": [
                [-0.99863, -0.000547, -0.052315, -0.0, 0.011412, 0.973593, -0.228007, 0.25, 0.051058, -0.228292, -0.972253, 0.125, 0.0, 0.0, 0.0, 1.0],
                [-0.997417, -0.040296, -0.059452, 0.0, -0.02616, 0.974743, -0.221794, 0.25, 0.066888, -0.219666, -0.973279, 0.125, 0.0, 0.0, 0.0, 1.0],
                [-0.995646, -0.042039, -0.083192, 0.0, -0.024796, 0.979814, -0.198369, 0.25, 0.089852, -0.195443, -0.97659, 0.125, 0.0, 0.0, 0.0, 1.0],
                [-0.996623, -0.02059, -0.079485, -0.0, -0.007156, 0.986146, -0.165724, 0.25, 0.081796, -0.164596, -0.982964, 0.125, 0.0, 0.0, 0.0, 1.0],
                [-0.995893, 0.01457, -0.089356, 0.0, 0.023204, 0.995075, -0.096367, 0.25, 0.087512, -0.098045, -0.991327, 0.125, 0.0, 0.0, 0.0, 1.0],
                [-0.995893, 0.01457, -0.089356, 0.0, 0.023204, 0.995075, -0.096367, 0.25, 0.087512, -0.098045, -0.991327, 0.125, 0.0, 0.0, 0.0, 1.0]
            ]
        },
        {
            "name": "right_arm",
            "time": [0.0, 0.3333, 0.4667, 0.6, 0.6667],
            "transform": [
                [-0.0, -0.173648, -0.984808, 0.375, 0.965926, -0.254887, 0.044943, 0.25, -0.258819, -0.951251, 0.167731, -0.0, 0.0, 0.0, 0.0, 1.0],
                [-0.0, 0.0, -1.0, 0.375, 0.965926, -0.258819, -0.0, 0.25, -0.258819, -0.965926, -0.0, -0.0, 0.0, 0.0, 0.0, 1.0],
                [-0.241016, 0.131594, -0.961558, 0.375, 0.821046, 0.55593, -0.129715, 0.25, 0.517489, -0.820747, -0.242032, 0.0, 0.0, 0.0, 0.0, 1.0],
                [0.381962, 0.658142, 0.64881, 0.375, 0.59468, -0.712421, 0.372574, 0.25, 0.707433, 0.243526, -0.663502, 0.0, 0.0, 0.0, 0.0, 1.0],
                [0.381962, 0.658142, 0.64881, 0.375, 0.59468, -0.712421, 0.372574, 0.25, 0.707433, 0.243526, -0.663502, 0.0, 0.0, 0.0, 0.0, 1.0]
            ]
        },
        {
            "name": "low_right_arm",
            "time": [0.0, 0.3333, 0.6667],
            "transform": [
                [0.99863, 0.011412, 0.051058, -0.0, -0.00674, 0.99585, -0.090759, 0.25, -0.051882, 0.09029, 0.994563, -0.0, 0.0, 0.0, 0.0, 1.0],
                [0.998261, 0.037106, 0.045812, -0.0, -0.033007, 0.995645, -0.087187, 0.25, -0.048848, 0.085523, 0.995138, 0.0, 0.0, 0.0, 0.0, 1.0],
                [0.998261, 0.037106, 0.045812, 0.0, -0.033007, 0.995645, -0.087187, 0.25, -0.048848, 0.085523, 0.995138, 0.0, 0.0, 0.0, 0.0, 1.0]
            ]
        },
        {
            "name": "low_right_arm.end",
            "time": [0.3333, 0.0, 0.6667],
            "transform": [
                [-1.0, -0.0, -0.0, 0.0, -0.0, 1.0, -0.0, 0.25, 0.0, -0.0, -1.0, 0.0, 0.0, 0.0, 0.0, 1.0],
                [-1.0, -0.0, -0.0, 0.0, 0.0, 1.0, 0.0, 0.25, 0.0, 0.0, -1.0, -0.0, 0.0, 0.0, 0.0, 1.0],
                [-1.0, 0.0, -0.0, -0.0, -0.0, 1.0, -0.0, 0.25, 0.0, 0.0, -1.0, -0.0, 0.0, 0.0, 0.0, 1.0]
            ]
        },
        {
            "name": "low_right_arm.item",
            "time": [0.0, 0.3333, 0.6667],
            "transform": [
                [-0.998653, 0.00414, 0.051717, -0.0, -0.011297, 0.955539, -0.294649, 0.25, -0.050638, -0.294836, -0.954205, 0.125, 0.0, 0.0, 0.0, 1.0],
                [-0.999501, -0.012999, 0.028791, 0.0, -0.016256, 0.993122, -0.115955, 0.25, -0.027086, -0.116365, -0.992837, 0.125, 0.0, 0.0, 0.0, 1.0],
                [-0.999501, -0.012999, 0.028791, -0.0, -0.016256, 0.993122, -0.115955, 0.25, -0.027086, -0.116365, -0.992837, 0.125, 0.0, 0.0, 0.0, 1.0]
            ]
        },
        {
            "name": "right_leg",
            "time": [0.0, 0.3333, 0.6667],
            "transform": [
                [0.850773, 0.486699, 0.198267, 0.125, -0.000882, -0.375945, 0.926641, -0.0, 0.525533, -0.788536, -0.319415, 0.0, 0.0, 0.0, 0.0, 1.0],
                [0.850773, 0.486699, 0.198267, 0.125, -0.000882, -0.375945, 0.926641, -0.0, 0.525533, -0.788536, -0.319415, 0.0, 0.0, 0.0, 0.0, 1.0],
                [0.850773, 0.486699, 0.198267, 0.125, -0.000882, -0.375945, 0.926641, -0.0, 0.525533, -0.788536, -0.319415, 0.0, 0.0, 0.0, 0.0, 1.0]
            ]
        },
        {
            "name": "low_leg_right",
            "time": [0.0, 0.3333, 0.6667],
            "transform": [
                [0.943316, -0.136148, -0.302685, -0.0, 0.317006, 0.639692, 0.700215, 0.375, 0.098293, -0.756478, 0.646591, -0.0, 0.0, 0.0, 0.0, 1.0],
                [0.943316, -0.136148, -0.302685, -0.0, 0.317006, 0.639692, 0.700215, 0.375, 0.098293, -0.756478, 0.646591, -0.0, 0.0, 0.0, 0.0, 1.0],
                [0.943316, -0.136148, -0.302685, -0.0, 0.317006, 0.639692, 0.700215, 0.375, 0.098293, -0.756478, 0.646591, -0.0, 0.0, 0.0, 0.0, 1.0]
            ]
        },
        {
            "name": "left_leg",
            "time": [0.0, 0.3333, 0.6667],
            "transform": [
                [0.850773, -0.486699, -0.198267, -0.125, 0.000882, -0.375945, 0.926641, -0.0, -0.525533, -0.788536, -0.319415, 0.0, 0.0, 0.0, 0.0, 1.0],
                [0.850773, -0.486699, -0.198267, -0.125, 0.000882, -0.375945, 0.926641, -0.0, -0.525533, -0.788536, -0.319415, 0.0, 0.0, 0.0, 0.0, 1.0],
                [0.850773, -0.486699, -0.198267, -0.125, 0.000882, -0.375945, 0.926641, -0.0, -0.525533, -0.788536, -0.319415, 0.0, 0.0, 0.0, 0.0, 1.0]
            ]
        },
        {
            "name": "low_left_leg",
            "time": [0.0, 0.3333, 0.6667],
            "transform": [
                [0.943316, 0.136147, 0.302685, 0.0, -0.317007, 0.639692, 0.700216, 0.375, -0.098293, -0.756478, 0.646591, 0.0, 0.0, 0.0, 0.0, 1.0],
                [0.943316, 0.136147, 0.302685, 0.0, -0.317007, 0.639692, 0.700216, 0.375, -0.098293, -0.756478, 0.646591, 0.0, 0.0, 0.0, 0.0, 1.0],
                [0.943316, 0.136147, 0.302685, 0.0, -0.317007, 0.639692, 0.700216, 0.375, -0.098293, -0.756478, 0.646591, 0.0, 0.0, 0.0, 0.0, 1.0]
            ]
        }
    ]
}