{
    "vertices": {
        "positions": {
            "stride": 3,
            "count": 135,
            "array": [0.25, 0.125, 4.5e-05, 0.25, -0.125, 4.5e-05, 0.0, -0.125, 4.5e-05, 0.0, 0.125, 4.5e-05, 0.25, 0.125, 0.750045, 0.25, -0.125, 0.750045, 0.0, -0.125, 0.750045, 0.0, 0.125, 0.750045, 0.0, 0.125, 4.5e-05, 0.0, -0.125, 4.5e-05, -0.25, -0.125, 4.5e-05, -0.25, 0.125, 4.5e-05, 0.0, 0.125, 0.750045, -0.0, -0.125, 0.750045, -0.25, -0.125, 0.750045, -0.25, 0.125, 0.750045, -0.25, 0.125, 0.750045, -0.25, -0.125, 0.750045, -0.5, -0.125, 0.750045, -0.5, 0.125, 0.750045, -0.25, 0.125, 1.500045, -0.25, -0.125, 1.500045, -0.5, -0.125, 1.500045, -0.5, 0.125, 1.500045, 0.5, 0.125, 0.750045, 0.5, -0.125, 0.750045, 0.25, -0.125, 0.750045, 0.25, 0.125, 0.750045, 0.5, 0.125, 1.500045, 0.5, -0.125, 1.500045, 0.25, -0.125, 1.500045, 0.25, 0.125, 1.500045, 0.25, 0.125, 0.750045, 0.25, -0.125, 0.750045, -0.25, -0.125, 0.750045, -0.25, 0.125, 0.750045, 0.25, 0.125, 1.500045, 0.25, -0.125, 1.500045, -0.25, -0.125, 1.500045, -0.25, 0.125, 1.500045, 0.25, 0.125, 0.875045, 0.25, 0.125, 1.000045, 0.25, 0.125, 1.125045, 0.25, 0.125, 1.250045, 0.25, 0.125, 1.375045, 0.25, -0.125, 0.875045, 0.25, -0.125, 1.000045, 0.25, -0.125, 1.125045, 0.25, -0.125, 1.250045, 0.25, -0.125, 1.375045, -0.25, -0.125, 0.875045, -0.25, -0.125, 1.000045, -0.25, -0.125, 1.125045, -0.25, -0.125, 1.250045, -0.25, -0.125, 1.375045, -0.25, 0.125, 0.875045, -0.25, 0.125, 1.000045, -0.25, 0.125, 1.125045, -0.25, 0.125, 1.250045, -0.25, 0.125, 1.375045, 0.0, 0.125, 0.750045, 0.0, -0.125, 0.750045, 0.0, 0.125, 1.500045, -0.0, -0.125, 1.500045, 0.0, 0.125, 1.375045, 0.0, 0.125, 1.250045, 0.0, 0.125, 1.125045, 0.0, 0.125, 1.000045, 0.0, 0.125, 0.875045, 0.0, -0.125, 0.875045, 0.0, -0.125, 1.000045, 0.0, -0.125, 1.125045, 0.0, -0.125, 1.250045, -0.0, -0.125, 1.375045, 0.25, 0.25, 1.500045, 0.25, -0.25, 1.500045, -0.25, -0.25, 1.500045, -0.25, 0.25, 1.500045, 0.25, 0.25, 2.000045, 0.25, -0.25, 2.000045, -0.25, -0.25, 2.000045, -0.25, 0.25, 2.000045, 0.0, -0.13125, 0.862545, 0.0, -0.13125, 0.993795, 0.0, -0.13125, 1.125045, 0.0, -0.13125, 1.256295, -0.0, -0.13125, 1.387545, -0.25, 0.125, 1.125045, -0.5, 0.125, 1.125045, -0.5, -0.125, 1.125045, -0.25, -0.125, 1.125045, 0.5, 0.125, 1.125045, 0.25, 0.125, 1.125045, 0.25, -0.125, 1.125045, 0.5, -0.125, 1.125045, -0.25, 0.125, 1.12658, -0.5, 0.125, 1.12658, -0.5, -0.125, 1.12658, -0.25, -0.125, 1.12658, -0.25, 0.125, 1.123942, -0.5, 0.125, 1.123942, -0.5, -0.125, 1.123942, -0.25, -0.125, 1.123942, 0.5, 0.125, 1.124231, 0.25, 0.125, 1.124231, 0.25, -0.125, 1.124231, 0.5, -0.125, 1.124231, 0.5, 0.125, 1.125655, 0.25, 0.125, 1.125655, 0.25, -0.125, 1.125655, 0.5, -0.125, 1.125655, 0.0, 0.125, 0.375045, -0.25, 0.125, 0.375045, -0.25, -0.125, 0.375045, 0.0, -0.125, 0.375045, 0.0, 0.125, 0.375045, 0.25, 0.125, 0.375045, 0.0, -0.125, 0.375045, 0.25, -0.125, 0.375045, 0.0, 0.125, 0.373535, -0.25, 0.125, 0.373535, -0.25, -0.125, 0.373535, 0.0, -0.125, 0.373535, 0.0, 0.125, 0.377014, -0.25, 0.125, 0.377014, -0.25, -0.125, 0.377014, 0.0, -0.125, 0.377014, 0.0, 0.125, 0.376942, 0.25, 0.125, 0.376942, 0.0, -0.125, 0.376942, 0.25, -0.125, 0.376942, 0.0, 0.125, 0.374273, 0.25, 0.125, 0.374273, 0.0, -0.125, 0.374273, 0.25, -0.125, 0.374273]
        },
        "uvs": {
            "stride": 2,
            "count": 202,
            "array": [0.1875, 0.25, 0.125, 0.3125, 0.1875, 0.3125, 0.0625, 0.25, 0.0625, 0.3125, 0.375, 0.75, 0.4375, 0.8125, 0.375, 0.8125, 0.3125, 0.75, 0.625, 0.8125, 0.6875, 0.75, 0.6875, 0.8125, 0.5625, 0.75, 0.625, 0.75, 0.75, 0.25, 0.8125, 0.3125, 0.8125, 0.25, 0.6875, 0.312608, 0.6875, 0.25, 0.5, 0.25, 0.5625, 0.3125, 0.5, 0.3125, 0.4375, 0.3125, 0.375, 0.25, 0.375, 0.3125, 0.310937, 0.317187, 0.251563, 0.346875, 0.310937, 0.346875, 0.5625, 0.317187, 0.503125, 0.346875, 0.5625, 0.346875, 0.498437, 0.317187, 0.439063, 0.346875, 0.498437, 0.346875, 0.375, 0.495313, 0.434375, 0.465625, 0.375, 0.465625, 0.375, 0.346875, 0.434375, 0.317187, 0.375, 0.317187, 0.375, 0.376562, 0.434375, 0.346875, 0.375, 0.40625, 0.434375, 0.376562, 0.375, 0.435937, 0.434375, 0.40625, 0.434375, 0.435937, 0.498437, 0.465625, 0.439062, 0.495313, 0.498437, 0.495313, 0.498437, 0.435937, 0.439063, 0.465625, 0.498437, 0.40625, 0.439063, 0.435937, 0.498437, 0.376562, 0.439063, 0.40625, 0.439063, 0.376562, 0.5625, 0.465625, 0.503125, 0.495313, 0.5625, 0.495313, 0.5625, 0.435937, 0.503125, 0.465625, 0.5625, 0.40625, 0.503125, 0.435937, 0.5625, 0.376562, 0.503125, 0.40625, 0.503125, 0.376562, 0.310937, 0.465625, 0.251562, 0.495313, 0.310937, 0.495313, 0.310937, 0.435937, 0.251562, 0.465625, 0.310937, 0.40625, 0.251562, 0.435937, 0.310937, 0.376562, 0.251562, 0.40625, 0.251563, 0.376562, 0.621875, 0.346875, 0.621875, 0.376562, 0.621875, 0.40625, 0.621875, 0.435937, 0.621875, 0.465625, 0.621875, 0.495313, 0.315625, 0.435937, 0.315625, 0.40625, 0.315625, 0.376562, 0.315625, 0.346875, 0.315625, 0.317187, 0.315625, 0.495313, 0.315625, 0.465625, 0.621875, 0.317187, 0.3125, 0.25, 0.3125, 0.3125, 0.4375, 0.25, 0.25, 0.125, 0.375, 0.0, 0.375, 0.125, 0.125, 0.0, 0.125, 0.125, 0.0, 0.25, 0.125, 0.25, 0.5, 0.125, 0.25, 0.25, 0.0625, 0.405776, 0.125, 0.405776, 0.1875, 0.405776, 0.0, 0.405776, 0.0, 0.3125, 0.25, 0.3125, 0.3125, 0.905758, 0.375, 0.905758, 0.4375, 0.905758, 0.5, 0.8125, 0.25, 0.905758, 0.3125, 0.8125, 0.25, 0.8125, 0.75, 0.406097, 0.6875, 0.406151, 0.8125, 0.406097, 0.75, 0.3125, 0.625, 0.406097, 0.6875, 0.3125, 0.625, 0.3125, 0.875, 0.3125, 0.5625, 0.905866, 0.625, 0.905866, 0.6875, 0.905866, 0.75, 0.8125, 0.5, 0.905866, 0.5625, 0.8125, 0.5625, 0.906526, 0.5, 0.90625, 0.5, 0.906526, 0.75, 0.906526, 0.6875, 0.90625, 0.6875, 0.906526, 0.625, 0.90625, 0.625, 0.906526, 0.875, 0.406453, 0.8125, 0.40625, 0.8125, 0.406453, 0.6875, 0.406507, 0.625, 0.40625, 0.625, 0.406453, 0.75, 0.40625, 0.75, 0.406453, 0.5625, 0.90625, 0.75, 0.90625, 0.625, 1.0, 0.5625, 1.0, 0.6875, 1.0, 0.5, 1.0, 0.6875, 0.5, 0.75, 0.5, 0.8125, 0.5, 0.625, 0.5, 0.875, 0.40625, 0.6875, 0.406304, 0.3125, 0.906628, 0.25, 0.90625, 0.25, 0.906628, 0.5, 0.906628, 0.4375, 0.90625, 0.4375, 0.906628, 0.375, 0.90625, 0.375, 0.906628, 0.25, 0.406443, 0.1875, 0.40625, 0.1875, 0.406443, 0.0625, 0.406443, 0.0, 0.40625, 0.0, 0.406443, 0.125, 0.40625, 0.125, 0.406443, 0.3125, 1.0, 0.375, 1.0, 0.4375, 1.0, 0.25, 1.0, 0.3125, 0.90625, 0.5, 0.90625, 0.25, 0.40625, 0.0625, 0.40625, 0.0625, 0.5, 0.125, 0.5, 0.1875, 0.5, 0.0, 0.5, 0.4375, 0.75, 0.5625, 0.25, 0.251563, 0.317187, 0.503125, 0.317187, 0.439063, 0.317187, 0.434375, 0.495313, 0.25, 0.0, 0.0, 0.125, 0.25, 0.405776, 0.5, 0.905758, 0.875, 0.406097, 0.75, 0.905866, 0.75, 1.0, 0.6875, 0.500108, 0.875, 0.5, 0.25, 0.5]
        },
        "normals": {
            "stride": 3,
            "count": 24,
            "array": [0.5774, -0.5774, -0.5774, -0.5774, 0.5774, -0.5774, 0.5774, 0.5774, -0.5774, -0.5773, 0.5774, 0.5774, 0.5773, -0.5774, 0.5774, 0.5774, 0.5773, 0.5774, -0.5774, -0.5774, -0.5774, -0.5774, -0.5773, 0.5774, 0.0, -0.7071, -0.7071, -0.5773, 0.5774, -0.5774, 0.0, 0.7071, -0.7071, -0.0, -0.7071, 0.7071, 0.0, 0.7071, 0.7071, 0.7071, -0.7071, -0.0, 0.7071, 0.7071, 0.0, -0.7071, -0.7071, 0.0, -0.0, -1.0, -0.0, -0.5774, -0.5774, 0.5774, -0.7071, 0.7071, 0.0, 0.0, 1.0, 0.0, -0.5774, -0.5773, -0.5774, -0.5774, 0.5774, 0.5774, 0.5774, 0.5773, 0.5773, 0.5773, -0.5774, -0.5774]
        },
        "vcounts": {
            "stride": 1,
            "count": 135,
            "array": [1, 1, 1, 1, 1, 1, 1, 1, 1, 1, 1, 1, 1, 1, 1, 1, 1, 1, 1, 1, 1, 1, 1, 1, 1, 1, 1, 1, 1, 1, 1, 1, 1, 1, 1, 1, 1, 1, 1, 1, 2, 2, 2, 2, 2, 2, 2, 2, 2, 2, 2, 2, 2, 2, 2, 2, 2, 2, 2, 2, 1, 1, 1, 1, 2, 2, 2, 2, 2, 2, 2, 2, 2, 2, 1, 1, 1, 1, 1, 1, 1, 1, 2, 2, 2, 2, 2, 1, 1, 1, 1, 1, 1, 1, 1, 1, 1, 1, 1, 1, 1, 1, 1, 1, 1, 1, 1, 1, 1, 1, 1, 1, 1, 1, 1, 1, 1, 1, 1, 1, 1, 1, 1, 1, 1, 2, 1, 1, 1, 1, 1, 1, 1, 1, 1]
        },
        "weights": {
            "stride": 1,
            "count": 35,
            "array": [1.0, 0.746, 0.254, 0.7461, 0.2539, 0.5019, 0.4981, 0.2558, 0.7442, 0.23, 0.77, 0.7457, 0.2543, 0.7456, 0.2544, 0.5017, 0.4983, 0.2561, 0.7439, 0.2355, 0.7645, 0.5018, 0.4982, 0.2562, 0.7438, 0.2329, 0.7671, 0.2327, 0.7673, 0.2314, 0.7686, 0.2342, 0.7658, 0.9821, 0.0179]
        },
        "vindices": {
            "stride": 1,
            "count": 342,
            "array": [2, 0, 2, 0, 2, 0, 2, 0, 1, 0, 1, 0, 1, 0, 1, 0, 5, 0, 5, 0, 5, 0, 5, 0, 4, 0, 4, 0, 4, 0, 4, 0, 17, 0, 17, 0, 17, 0, 17, 0, 16, 0, 16, 0, 16, 0, 16, 0, 12, 0, 12, 0, 12, 0, 12, 0, 11, 0, 11, 0, 11, 0, 11, 0, 7, 0, 7, 0, 7, 0, 7, 0, 8, 0, 8, 0, 8, 0, 8, 0, 7, 1, 8, 2, 7, 3, 8, 4, 7, 5, 8, 6, 7, 7, 8, 8, 7, 9, 8, 10, 7, 11, 8, 12, 7, 13, 8, 14, 7, 15, 8, 16, 7, 17, 8, 18, 7, 19, 8, 20, 7, 11, 8, 12, 7, 11, 8, 12, 7, 21, 8, 22, 7, 23, 8, 24, 7, 25, 8, 26, 7, 1, 8, 2, 7, 1, 8, 2, 7, 15, 8, 16, 7, 7, 8, 8, 7, 27, 8, 28, 7, 0, 7, 0, 8, 0, 8, 0, 7, 29, 8, 30, 7, 7, 8, 8, 7, 21, 8, 22, 7, 1, 8, 2, 7, 1, 8, 2, 7, 11, 8, 12, 7, 11, 8, 12, 7, 21, 8, 22, 7, 23, 8, 24, 7, 31, 8, 32, 9, 0, 9, 0, 9, 0, 9, 0, 9, 0, 9, 0, 9, 0, 9, 0, 7, 11, 8, 12, 7, 11, 8, 12, 7, 21, 8, 22, 7, 23, 8, 24, 7, 31, 8, 32, 16, 0, 16, 0, 19, 0, 19, 0, 11, 0, 11, 0, 14, 0, 14, 0, 16, 0, 16, 0, 16, 0, 16, 0, 17, 0, 17, 0, 17, 0, 17, 0, 12, 0, 12, 0, 12, 0, 12, 0, 11, 0, 11, 0, 11, 0, 11, 0, 6, 0, 6, 0, 4, 0, 4, 0, 3, 0, 3, 0, 1, 0, 1, 0, 5, 0, 5, 0, 5, 0, 5, 0, 4, 0, 4, 0, 4, 33, 5, 34, 4, 0, 1, 0, 1, 0, 1, 0, 1, 0, 2, 0, 2, 0, 2, 0, 2, 0]
        },
        "parts": {
            "noGroups": {
                "stride": 3,
                "count": 708,
                "array": [1, 0, 0, 3, 1, 1, 0, 2, 2, 7, 1, 3, 5, 3, 4, 4, 4, 5, 9, 5, 0, 11, 6, 1, 8, 7, 2, 15, 7, 3, 13, 8, 4, 12, 5, 5, 16, 9, 2, 18, 10, 6, 19, 11, 1, 23, 9, 3, 21, 12, 4, 20, 13, 5, 24, 14, 2, 26, 15, 6, 27, 16, 1, 28, 17, 5, 30, 14, 7, 29, 18, 4, 61, 19, 8, 35, 20, 9, 60, 21, 10, 39, 22, 3, 63, 23, 11, 62, 24, 12, 36, 25, 5, 49, 26, 13, 44, 27, 14, 63, 28, 11, 54, 29, 15, 73, 30, 16, 38, 31, 17, 59, 32, 18, 54, 33, 15, 60, 34, 10, 55, 35, 18, 68, 36, 19, 64, 37, 19, 39, 38, 3, 62, 39, 12, 65, 40, 19, 59, 41, 18, 64, 37, 19, 66, 42, 19, 58, 43, 18, 65, 40, 19, 67, 44, 19, 57, 45, 18, 66, 42, 19, 67, 44, 19, 55, 35, 18, 56, 46, 18, 50, 47, 15, 35, 48, 9, 34, 49, 6, 51, 50, 15, 55, 51, 18, 50, 47, 15, 52, 52, 15, 56, 53, 18, 51, 50, 15, 53, 54, 15, 57, 55, 18, 52, 52, 15, 54, 33, 15, 58, 56, 18, 53, 54, 15, 69, 57, 16, 34, 58, 6, 61, 59, 8, 70, 60, 16, 50, 61, 15, 69, 57, 16, 71, 62, 16, 51, 63, 15, 70, 60, 16, 72, 64, 16, 52, 65, 15, 71, 62, 16, 73, 30, 16, 53, 66, 15, 72, 64, 16, 40, 67, 14, 33, 68, 0, 32, 69, 2, 41, 70, 14, 45, 71, 13, 40, 67, 14, 42, 72, 14, 46, 73, 13, 41, 70, 14, 43, 74, 14, 47, 75, 13, 42, 72, 14, 44, 27, 14, 48, 76, 13, 43, 74, 14, 49, 77, 13, 72, 64, 16, 48, 78, 13, 48, 78, 13, 71, 62, 16, 47, 79, 13, 47, 79, 13, 70, 60, 16, 46, 80, 13, 46, 80, 13, 69, 57, 16, 45, 81, 13, 45, 81, 13, 61, 59, 8, 33, 82, 0, 41, 83, 14, 68, 36, 19, 67, 44, 19, 41, 83, 14, 66, 42, 19, 42, 84, 14, 42, 84, 14, 65, 40, 19, 43, 85, 14, 43, 85, 14, 64, 37, 19, 44, 86, 14, 44, 86, 14, 62, 39, 12, 36, 87, 5, 32, 88, 2, 68, 36, 19, 40, 89, 14, 37, 90, 4, 73, 30, 16, 49, 77, 13, 62, 24, 12, 37, 91, 4, 36, 92, 5, 33, 93, 0, 60, 21, 10, 32, 22, 2, 74, 94, 2, 76, 95, 20, 77, 96, 1, 81, 94, 21, 79, 97, 4, 78, 98, 22, 78, 98, 22, 75, 99, 23, 74, 100, 2, 79, 101, 4, 76, 23, 20, 75, 19, 23, 76, 23, 20, 81, 94, 21, 77, 102, 1, 74, 100, 2, 81, 94, 21, 78, 98, 22, 7, 1, 3, 128, 103, 14, 127, 104, 18, 129, 105, 15, 7, 1, 3, 127, 104, 18, 130, 106, 13, 4, 4, 5, 5, 107, 4, 129, 105, 15, 5, 108, 4, 6, 2, 7, 15, 7, 3, 123, 109, 14, 124, 110, 18, 125, 111, 15, 15, 7, 3, 124, 110, 18, 125, 111, 15, 13, 112, 4, 14, 6, 7, 126, 113, 13, 12, 114, 5, 13, 115, 4, 108, 116, 18, 28, 17, 5, 107, 117, 14, 109, 118, 15, 31, 119, 3, 108, 116, 18, 110, 120, 13, 28, 121, 5, 29, 122, 4, 109, 118, 15, 29, 123, 4, 30, 15, 7, 23, 9, 3, 95, 124, 14, 96, 125, 18, 97, 126, 15, 23, 9, 3, 96, 125, 18, 97, 126, 15, 21, 127, 4, 22, 11, 7, 98, 128, 13, 20, 129, 5, 21, 112, 4, 99, 130, 14, 90, 131, 13, 102, 132, 13, 102, 133, 13, 89, 134, 15, 101, 135, 15, 101, 135, 15, 88, 136, 18, 100, 137, 18, 88, 136, 18, 99, 130, 14, 100, 137, 18, 106, 138, 13, 93, 139, 15, 105, 140, 15, 103, 141, 14, 94, 142, 13, 106, 143, 13, 105, 140, 15, 92, 144, 18, 104, 145, 18, 92, 144, 18, 103, 141, 14, 104, 145, 18, 87, 146, 14, 98, 128, 13, 90, 131, 13, 90, 147, 13, 97, 126, 15, 89, 134, 15, 89, 134, 15, 96, 125, 18, 88, 136, 18, 96, 125, 18, 87, 146, 14, 88, 136, 18, 19, 148, 1, 99, 130, 14, 16, 149, 2, 18, 150, 6, 100, 137, 18, 19, 148, 1, 18, 150, 6, 102, 133, 13, 101, 135, 15, 17, 151, 0, 99, 130, 14, 102, 132, 13, 104, 145, 18, 24, 152, 2, 27, 153, 1, 26, 154, 6, 104, 145, 18, 27, 153, 1, 25, 155, 0, 103, 141, 14, 106, 143, 13, 26, 154, 6, 106, 138, 13, 105, 140, 15, 94, 156, 13, 109, 118, 15, 93, 139, 15, 91, 157, 14, 110, 120, 13, 94, 142, 13, 93, 139, 15, 108, 116, 18, 92, 144, 18, 108, 116, 18, 91, 157, 14, 92, 144, 18, 119, 158, 14, 114, 159, 13, 122, 160, 13, 122, 161, 13, 113, 162, 15, 121, 163, 15, 121, 163, 15, 112, 164, 18, 120, 165, 18, 112, 164, 18, 119, 158, 14, 120, 165, 18, 134, 166, 13, 117, 167, 15, 133, 168, 15, 132, 169, 14, 118, 170, 13, 134, 171, 13, 133, 168, 15, 115, 172, 18, 131, 173, 18, 115, 172, 18, 132, 169, 14, 131, 173, 18, 120, 165, 18, 8, 174, 2, 11, 175, 1, 10, 176, 6, 120, 165, 18, 11, 175, 1, 10, 176, 6, 122, 161, 13, 121, 163, 15, 9, 177, 0, 119, 158, 14, 122, 160, 13, 111, 178, 14, 126, 113, 13, 114, 159, 13, 114, 179, 13, 125, 111, 15, 113, 162, 15, 113, 162, 15, 124, 110, 18, 112, 164, 18, 124, 110, 18, 111, 178, 14, 112, 164, 18, 118, 180, 13, 129, 105, 15, 117, 167, 15, 116, 181, 14, 130, 106, 13, 118, 170, 13, 117, 167, 15, 127, 104, 18, 115, 172, 18, 127, 104, 18, 116, 181, 14, 115, 172, 18, 131, 173, 18, 0, 182, 2, 3, 183, 1, 2, 184, 6, 131, 173, 18, 3, 183, 1, 1, 185, 0, 132, 169, 14, 134, 171, 13, 2, 184, 6, 134, 166, 13, 133, 168, 15, 1, 0, 0, 2, 100, 6, 3, 1, 1, 7, 1, 3, 6, 100, 7, 5, 3, 4, 9, 5, 0, 10, 186, 6, 11, 6, 1, 15, 7, 3, 14, 114, 7, 13, 8, 4, 16, 9, 2, 17, 13, 0, 18, 10, 6, 23, 9, 3, 22, 129, 7, 21, 12, 4, 24, 14, 2, 25, 119, 0, 26, 15, 6, 28, 17, 5, 31, 119, 3, 30, 14, 7, 61, 19, 8, 34, 187, 6, 35, 20, 9, 39, 22, 3, 38, 93, 17, 63, 23, 11, 36, 25, 5, 37, 188, 4, 49, 26, 13, 63, 28, 11, 38, 189, 17, 54, 29, 15, 38, 31, 17, 39, 190, 3, 59, 32, 18, 60, 34, 10, 35, 191, 9, 55, 35, 18, 64, 37, 19, 59, 41, 18, 39, 38, 3, 65, 40, 19, 58, 43, 18, 59, 41, 18, 66, 42, 19, 57, 45, 18, 58, 43, 18, 67, 44, 19, 56, 46, 18, 57, 45, 18, 67, 44, 19, 68, 36, 19, 55, 35, 18, 50, 47, 15, 55, 51, 18, 35, 48, 9, 51, 50, 15, 56, 53, 18, 55, 51, 18, 52, 52, 15, 57, 55, 18, 56, 53, 18, 53, 54, 15, 58, 56, 18, 57, 55, 18, 54, 33, 15, 59, 32, 18, 58, 56, 18, 69, 57, 16, 50, 61, 15, 34, 58, 6, 70, 60, 16, 51, 63, 15, 50, 61, 15, 71, 62, 16, 52, 65, 15, 51, 63, 15, 72, 64, 16, 53, 66, 15, 52, 65, 15, 73, 30, 16, 54, 29, 15, 53, 66, 15, 40, 67, 14, 45, 71, 13, 33, 68, 0, 41, 70, 14, 46, 73, 13, 45, 71, 13, 42, 72, 14, 47, 75, 13, 46, 73, 13, 43, 74, 14, 48, 76, 13, 47, 75, 13, 44, 27, 14, 49, 26, 13, 48, 76, 13, 49, 77, 13, 73, 30, 16, 72, 64, 16, 48, 78, 13, 72, 64, 16, 71, 62, 16, 47, 79, 13, 71, 62, 16, 70, 60, 16, 46, 80, 13, 70, 60, 16, 69, 57, 16, 45, 81, 13, 69, 57, 16, 61, 59, 8, 41, 83, 14, 40, 89, 14, 68, 36, 19, 41, 83, 14, 67, 44, 19, 66, 42, 19, 42, 84, 14, 66, 42, 19, 65, 40, 19, 43, 85, 14, 65, 40, 19, 64, 37, 19, 44, 86, 14, 64, 37, 19, 62, 39, 12, 32, 88, 2, 60, 34, 10, 68, 36, 19, 37, 90, 4, 63, 28, 11, 73, 30, 16, 62, 24, 12, 63, 23, 11, 37, 91, 4, 33, 93, 0, 61, 19, 8, 60, 21, 10, 74, 94, 2, 75, 192, 23, 76, 95, 20, 81, 94, 21, 80, 192, 7, 79, 97, 4, 78, 98, 22, 79, 193, 4, 75, 99, 23, 79, 101, 4, 80, 96, 7, 76, 23, 20, 76, 23, 20, 80, 96, 7, 81, 94, 21, 74, 100, 2, 77, 102, 1, 81, 94, 21, 7, 1, 3, 4, 4, 5, 128, 103, 14, 129, 105, 15, 6, 2, 7, 7, 1, 3, 130, 106, 13, 128, 103, 14, 4, 4, 5, 129, 105, 15, 130, 194, 13, 5, 108, 4, 15, 7, 3, 12, 114, 5, 123, 109, 14, 125, 111, 15, 14, 6, 7, 15, 7, 3, 125, 111, 15, 126, 195, 13, 13, 112, 4, 126, 113, 13, 123, 109, 14, 12, 114, 5, 108, 116, 18, 31, 119, 3, 28, 17, 5, 109, 118, 15, 30, 15, 7, 31, 119, 3, 110, 120, 13, 107, 117, 14, 28, 121, 5, 109, 118, 15, 110, 196, 13, 29, 123, 4, 23, 9, 3, 20, 129, 5, 95, 124, 14, 97, 126, 15, 22, 11, 7, 23, 9, 3, 97, 126, 15, 98, 197, 13, 21, 127, 4, 98, 128, 13, 95, 124, 14, 20, 129, 5, 99, 130, 14, 87, 146, 14, 90, 131, 13, 102, 133, 13, 90, 147, 13, 89, 134, 15, 101, 135, 15, 89, 134, 15, 88, 136, 18, 88, 136, 18, 87, 146, 14, 99, 130, 14, 106, 138, 13, 94, 156, 13, 93, 139, 15, 103, 141, 14, 91, 157, 14, 94, 142, 13, 105, 140, 15, 93, 139, 15, 92, 144, 18, 92, 144, 18, 91, 157, 14, 103, 141, 14, 87, 146, 14, 95, 124, 14, 98, 128, 13, 90, 147, 13, 98, 197, 13, 97, 126, 15, 89, 134, 15, 97, 126, 15, 96, 125, 18, 96, 125, 18, 95, 124, 14, 87, 146, 14, 19, 148, 1, 100, 137, 18, 99, 130, 14, 18, 150, 6, 101, 135, 15, 100, 137, 18, 18, 150, 6, 17, 198, 0, 102, 133, 13, 17, 151, 0, 16, 149, 2, 99, 130, 14, 104, 145, 18, 103, 141, 14, 24, 152, 2, 26, 154, 6, 105, 140, 15, 104, 145, 18, 25, 155, 0, 24, 199, 2, 103, 141, 14, 26, 154, 6, 25, 200, 0, 106, 138, 13, 94, 156, 13, 110, 196, 13, 109, 118, 15, 91, 157, 14, 107, 117, 14, 110, 120, 13, 93, 139, 15, 109, 118, 15, 108, 116, 18, 108, 116, 18, 107, 117, 14, 91, 157, 14, 119, 158, 14, 111, 178, 14, 114, 159, 13, 122, 161, 13, 114, 179, 13, 113, 162, 15, 121, 163, 15, 113, 162, 15, 112, 164, 18, 112, 164, 18, 111, 178, 14, 119, 158, 14, 134, 166, 13, 118, 180, 13, 117, 167, 15, 132, 169, 14, 116, 181, 14, 118, 170, 13, 133, 168, 15, 117, 167, 15, 115, 172, 18, 115, 172, 18, 116, 181, 14, 132, 169, 14, 120, 165, 18, 119, 158, 14, 8, 174, 2, 10, 176, 6, 121, 163, 15, 120, 165, 18, 10, 176, 6, 9, 151, 0, 122, 161, 13, 9, 177, 0, 8, 174, 2, 119, 158, 14, 111, 178, 14, 123, 109, 14, 126, 113, 13, 114, 179, 13, 126, 195, 13, 125, 111, 15, 113, 162, 15, 125, 111, 15, 124, 110, 18, 124, 110, 18, 123, 109, 14, 111, 178, 14, 118, 180, 13, 130, 194, 13, 129, 105, 15, 116, 181, 14, 128, 103, 14, 130, 106, 13, 117, 167, 15, 129, 105, 15, 127, 104, 18, 127, 104, 18, 128, 103, 14, 116, 181, 14, 131, 173, 18, 132, 169, 14, 0, 182, 2, 2, 184, 6, 133, 168, 15, 131, 173, 18, 1, 185, 0, 0, 182, 2, 132, 169, 14, 2, 184, 6, 1, 201, 0, 134, 166, 13]
            }
        }
    },
    "armature": {
        "joints": ["Root", "Thigh_R", "Leg_R", "Knee_R", "Thigh_L", "Leg_L", "Knee_L", "Torso", "Chest", "Head", "Shoulder_R", "Arm_R", "Hand_R", "Tool_R", "Elbow_R", "Shoulder_L", "Arm_L", "Hand_L", "Tool_L", "Elbow_L", "Leg_R_IK", "Leg_L_IK"],
        "hierarchy": [
            {
                "name": "Root",
                "transform": [1.0, 0.0, 0.0, 1.7e-05, 0.0, 0.0, -1.0, 0.000905, 0.0, 1.0, 0.0, 0.774191, 0.0, 0.0, 0.0, 1.0],
                "children": [
                    {
                        "name": "Thigh_R",
                        "transform": [1.0, -0.0, -0.0, 0.124994, -0.0, -1.0, 0.0, -0.002831, -0.0, -0.0, -1.0, -1.2e-05, 0.0, 0.0, 0.0, 1.0],
                        "children": [
                            {
                                "name": "Leg_R",
                                "transform": [1.0, 0.0, 1e-06, 0.0, -0.0, 1.0, 0.0, 0.37472, -1e-06, -0.0, 1.0, 0.0, 0.0, 0.0, 0.0, 1.0],
                                "children": []
                            },
                            {
                                "name": "Knee_R",
                                "transform": [1.0, 0.0, -0.0, 0.0, -0.0, 0.0, -1.0, 0.37472, -0.0, 1.0, 0.0, 0.0, 0.0, 0.0, 0.0, 1.0],
                                "children": []
                            }
                        ]
                    },
                    {
                        "name": "Thigh_L",
                        "transform": [1.0, -0.0, -0.0, -0.125006, -0.0, -1.0, 0.0, -0.002831, -0.0, -0.0, -1.0, -1.2e-05, 0.0, 0.0, 0.0, 1.0],
                        "children": [
                            {
                                "name": "Leg_L",
                                "transform": [1.0, 0.0, 1e-06, -0.0, -0.0, 1.0, 0.0, 0.37472, -1e-06, -0.0, 1.0, 0.0, 0.0, 0.0, 0.0, 1.0],
                                "children": []
                            },
                            {
                                "name": "Knee_L",
                                "transform": [1.0, 0.0, -0.0, -0.0, -0.0, 0.0, -1.0, 0.37472, -0.0, 1.0, 0.0, 0.0, 0.0, 0.0, 0.0, 1.0],
                                "children": []
                            }
                        ]
                    },
                    {
                        "name": "Torso",
                        "transform": [1.0, 0.0, 0.0, 0.0, 0.0, 1.0, 0.0, 0.05, 0.0, -0.0, 1.0, 0.0, 0.0, 0.0, 0.0, 1.0],
                        "children": [
                            {
                                "name": "Chest",
                                "transform": [1.0, 0.0, -0.0, 0.0, -0.0, 1.0, 0.0, 0.3, 0.0, -0.0, 1.0, -0.0, 0.0, 0.0, 0.0, 1.0],
                                "children": [
                                    {
                                        "name": "Head",
                                        "transform": [1.0, -0.0, 0.0, -0.0, 0.0, 1.0, -0.0, 0.4, -0.0, 0.0, 1.0, 0.0, 0.0, 0.0, 0.0, 1.0],
                                        "children": []
                                    },
                                    {
                                        "name": "Shoulder_R",
                                        "transform": [0.0, 0.952114, 0.305743, 0.0, -1e-06, -0.305743, 0.952114, 0.4, 1.0, -1e-06, 1e-06, 0.0, 0.0, 0.0, 0.0, 1.0],
                                        "children": [
                                            {
                                                "name": "Arm_R",
                                                "transform": [0.0, 0.0, -1.0, 0.0, 0.952114, 0.305743, 0.0, 0.39386, 0.305743, -0.952114, -0.0, 0.0, 0.0, 0.0, 0.0, 1.0],
                                                "children": [
                                                    {
                                                        "name": "Hand_R",
                                                        "transform": [1.0, 0.0, -0.0, -0.0, -0.0, 0.999998, 0.001922, 0.3, 0.0, -0.001922, 0.999998, -0.0, 0.0, 0.0, 0.0, 1.0],
                                                        "children": [
                                                            {
                                                                "name": "Tool_R",
                                                                "transform": [1.0, -0.0, 0.0, 0.0, -0.0, -1.0, 0.000636, 0.271204, 0.0, -0.000636, -1.0, -0.0, 0.0, 0.0, 0.0, 1.0],
                                                                "children": []
                                                            }
                                                        ]
                                                    },
                                                    {
                                                        "name": "Elbow_R",
                                                        "transform": [-1.0, 0.0, -0.0, 0.0, 0.0, 0.0, -1.0, 0.3, -0.0, -1.0, 0.0, -0.0, 0.0, 0.0, 0.0, 1.0],
                                                        "children": []
                                                    }
                                                ]
                                            }
                                        ]
                                    },
                                    {
                                        "name": "Shoulder_L",
                                        "transform": [-2e-06, -0.952115, -0.30574, 0.0, 4e-06, -0.30574, 0.952115, 0.399999, -1.0, 0.0, 4e-06, 0.0, 0.0, 0.0, 0.0, 1.0],
                                        "children": [
                                            {
                                                "name": "Arm_L",
                                                "transform": [-2e-06, -4e-06, 1.0, -0.0, -0.952115, 0.30574, -1e-06, 0.39386, -0.30574, -0.952115, -4e-06, -0.0, 0.0, 0.0, 0.0, 1.0],
                                                "children": [
                                                    {
                                                        "name": "Hand_L",
                                                        "transform": [1.0, -0.0, -0.0, -0.0, 0.0, 0.999998, 0.001922, 0.3, 0.0, -0.001922, 0.999998, 0.0, 0.0, 0.0, 0.0, 1.0],
                                                        "children": [
                                                            {
                                                                "name": "Tool_L",
                                                                "transform": [1.0, -0.0, 0.0, -0.0, 0.0, -1.0, 0.000318, 0.271205, 0.0, -0.000318, -1.0, -0.0, 0.0, 0.0, 0.0, 1.0],
                                                                "children": []
                                                            }
                                                        ]
                                                    },
                                                    {
                                                        "name": "Elbow_L",
                                                        "transform": [-1.0, 0.0, 1e-06, -0.0, -1e-06, 0.0, -1.0, 0.3, -0.0, -1.0, -0.0, 0.0, 0.0, 0.0, 0.0, 1.0],
                                                        "children": []
                                                    }
                                                ]
                                            }
                                        ]
                                    }
                                ]
                            }
                        ]
                    }
                ]
            },
            {
                "name": "Leg_R_IK",
                "transform": [1.0, 0.0, 0.0, 0.125011, 0.0, -0.0, -1.0, 0.000917, 0.0, 1.0, 0.0, 0.02164, 0.0, 0.0, 0.0, 1.0],
                "children": []
            },
            {
                "name": "Leg_L_IK",
                "transform": [1.0, 0.0, 0.0, -0.124989, 0.0, -0.0, -1.0, 0.000917, 0.0, 1.0, 0.0, 0.02164, 0.0, 0.0, 0.0, 1.0],
                "children": []
            }
        ]
    },
    "animation": [
        {
            "name": "Root",
            "time": [0.0, 0.1167, 0.2, 0.4, 0.65],
            "transform": [
                [0.866025, 0.0, -0.5, -0.066654, -0.5, 0.0, -0.866025, 0.018768, 0.0, 1.0, 0.0, 0.674191, 0.0, 0.0, 0.0, 1.0],
                [0.866025, 0.0, -0.5, -0.316654, -0.5, 0.0, -0.866025, 0.268768, 0.0, 1.0, 0.0, 0.674191, 0.0, 0.0, 0.0, 1.0],
                [0.879986, 0.0, 0.475, -0.316654, 0.475, 0.0, -0.879986, 0.076182, 0.0, 1.0, 0.0, 0.558917, 0.0, 0.0, 0.0, 1.0],
                [0.373982, 0.0, 0.927436, -0.316654, 0.927436, 0.0, -0.373982, -0.056836, 0.0, 1.0, 0.0, 0.479297, 0.0, 0.0, 0.0, 1.0],
                [0.34202, 0.0, 0.939693, -0.316654, 0.939693, 0.0, -0.34202, -0.064218, 0.0, 1.0, 0.0, 0.474879, 0.0, 0.0, 0.0, 1.0]
            ]
        },
        {
            "name": "Thigh_R",
            "time": [0.0, 0.1167, 0.2, 0.4, 0.65],
            "transform": [
                [0.867191, 0.321592, 0.380207, 0.124994, -0.019698, -0.740755, 0.671485, -0.002831, 0.497585, -0.589794, -0.636043, -1.2e-05, 0.0, 0.0, 0.0, 1.0],
                [0.756099, 0.526537, -0.388678, 0.124994, 0.361712, -0.831152, -0.422314, -0.002831, -0.545415, 0.178721, -0.81889, -1.2e-05, 0.0, 0.0, 0.0, 1.0],
                [0.843284, 0.036262, -0.536243, 0.124994, 0.110473, -0.98811, 0.106909, -0.002831, -0.525991, -0.149395, -0.837266, -1.2e-05, 0.0, 0.0, 0.0, 1.0],
                [0.847711, 0.056126, -0.527479, 0.124994, 0.073675, -0.997204, 0.012297, -0.002831, -0.525315, -0.049286, -0.849479, -1.2e-05, 0.0, 0.0, 0.0, 1.0],
                [0.847928, 0.063276, -0.526321, 0.124994, 0.071625, -0.997419, -0.004521, -0.002831, -0.52525, -0.033864, -0.850274, -1.2e-05, 0.0, 0.0, 0.0, 1.0]
            ]
        },
        {
            "name": "Leg_R",
            "time": [0.0, 0.1167, 0.2, 0.4, 0.65],
            "transform": [
                [1.0, -0.0, 1e-06, 0.0, -0.0, 0.688178, 0.725543, 0.37472, -1e-06, -0.725543, 0.688175, 0.0, 0.0, 0.0, 0.0, 1.0],
                [1.0, 1e-06, 1e-06, 0.0, -0.0, 1.000002, 8e-06, 0.37472, -1e-06, -8e-06, 0.999998, 0.0, 0.0, 0.0, 0.0, 1.0],
                [1.0, -1e-06, 1e-06, 0.0, -0.0, 0.346539, 0.938036, 0.37472, -1e-06, -0.938036, 0.346537, -0.0, 0.0, 0.0, 0.0, 1.0],
                [1.0, -1e-06, 1e-06, -0.0, -0.0, 0.209947, 0.977713, 0.37472, -1e-06, -0.977713, 0.209946, -0.0, 0.0, 0.0, 0.0, 1.0],
                [1.0, -1e-06, 1e-06, -0.0, -0.0, 0.214253, 0.976779, 0.37472, -1e-06, -0.976778, 0.214252, -0.0, 0.0, 0.0, 0.0, 1.0]
            ]
        },
        {
            "name": "Knee_R",
            "time": [0.0, 0.1167, 0.2, 0.4, 0.65],
            "transform": [
                [1.0, 0.0, -0.0, 0.0, -0.0, 0.0, -1.0, 0.37472, -0.0, 1.0, 0.0, 0.0, 0.0, 0.0, 0.0, 1.0],
                [1.0, 0.0, -1e-06, 0.0, -0.0, 0.0, -1.0, 0.37472, -0.0, 1.0, 0.0, -0.0, 0.0, 0.0, 0.0, 1.0],
                [1.0, 0.0, -0.0, 0.0, -0.0, 0.0, -1.0, 0.37472, -0.0, 1.0, 0.0, 0.0, 0.0, 0.0, 0.0, 1.0],
                [1.0, 0.0, -0.0, 0.0, -0.0, 0.0, -1.0, 0.37472, -0.0, 1.0, 0.0, -0.0, 0.0, 0.0, 0.0, 1.0],
                [1.0, 0.0, -0.0, -0.0, -0.0, 0.0, -1.0, 0.37472, -0.0, 1.0, 0.0, -0.0, 0.0, 0.0, 0.0, 1.0]
            ]
        },
        {
            "name": "Thigh_L",
            "time": [0.0, 0.1167, 0.2, 0.4, 0.65],
            "transform": [
                [0.866286, -0.322389, -0.381592, -0.125006, 0.020313, -0.740511, 0.671737, -0.002831, -0.499133, -0.589668, -0.634946, -1.2e-05, 0.0, 0.0, 0.0, 1.0],
                [0.862645, -0.373031, -0.341599, -0.125006, -0.054498, -0.739968, 0.67043, -0.002831, -0.502864, -0.559727, -0.658659, -1.2e-05, 0.0, 0.0, 0.0, 1.0],
                [0.863454, -0.463409, -0.199242, -0.125006, -0.051752, -0.474289, 0.878847, -0.002831, -0.501763, -0.748534, -0.433509, -1.2e-05, 0.0, 0.0, 0.0, 1.0],
                [0.863598, -0.496029, -0.090286, -0.125006, -0.02697, -0.224269, 0.974154, -0.002831, -0.503457, -0.838843, -0.207056, -1.2e-05, 0.0, 0.0, 0.0, 1.0],
                [0.863999, -0.495859, -0.087337, -0.125006, -0.022037, -0.210539, 0.977337, -0.002831, -0.503009, -0.842495, -0.192832, -1.2e-05, 0.0, 0.0, 0.0, 1.0]
            ]
        },
        {
            "name": "Leg_L",
            "time": [0.0, 0.1167, 0.2, 0.4, 0.65],
            "transform": [
                [1.0, -0.0, 1e-06, -0.0, -0.0, 0.687667, 0.726026, 0.37472, -1e-06, -0.726026, 0.687668, -0.0, 0.0, 0.0, 0.0, 1.0],
                [1.0, -0.0, 1e-06, 0.0, -0.0, 0.77904, 0.626975, 0.37472, -1e-06, -0.626974, 0.779041, -0.0, 0.0, 0.0, 0.0, 1.0],
                [1.0, -1e-06, 1e-06, 0.0, -0.0, 0.206402, 0.978468, 0.37472, -1e-06, -0.978467, 0.206403, -0.0, 0.0, 0.0, 0.0, 1.0],
                [1.0, -1e-06, 1e-06, 0.0, -0.0, 0.131192, 0.991358, 0.37472, -1e-06, -0.991356, 0.131192, -0.0, 0.0, 0.0, 0.0, 1.0],
                [1.0, -1e-06, 1e-06, 0.0, -0.0, 0.137035, 0.990566, 0.37472, -1e-06, -0.990566, 0.137036, 0.0, 0.0, 0.0, 0.0, 1.0]
            ]
        },
        {
            "name": "Knee_L",
            "time": [0.0, 0.1167, 0.2, 0.4, 0.65],
            "transform": [
                [1.0, 0.0, -0.0, -0.0, -0.0, 0.0, -1.0, 0.37472, -0.0, 1.0, 0.0, -0.0, 0.0, 0.0, 0.0, 1.0],
                [1.0, 0.0, -0.0, -0.0, -0.0, 0.0, -1.0, 0.37472, -0.0, 1.0, 0.0, -0.0, 0.0, 0.0, 0.0, 1.0],
                [1.0, 0.0, -1e-06, 0.0, -0.0, 0.0, -1.0, 0.37472, -0.0, 1.0, 0.0, -0.0, 0.0, 0.0, 0.0, 1.0],
                [1.0, 0.0, -0.0, 0.0, -0.0, 0.0, -1.0, 0.37472, -0.0, 1.0, 0.0, -0.0, 0.0, 0.0, 0.0, 1.0],
                [1.0, 0.0, -0.0, 0.0, -0.0, 0.0, -1.0, 0.37472, -0.0, 1.0, 0.0, 0.0, 0.0, 0.0, 0.0, 1.0]
            ]
        },
        {
            "name": "Torso",
            "time": [0.0, 0.1167, 0.2, 0.4, 0.65],
            "transform": [
                [1.0, -0.0, 0.0, 0.0, 0.0, 1.0, 0.0, 0.05, -0.0, -0.0, 1.0, 0.0, 0.0, 0.0, 0.0, 1.0],
                [1.0, -0.0, 0.0, -0.0, 0.0, 1.0, 0.0, 0.05, -0.0, -0.0, 1.0, -0.0, 0.0, 0.0, 0.0, 1.0],
                [1.0, 0.0, 0.0, 0.0, 0.0, 1.0, 0.0, 0.05, 0.0, -0.0, 1.0, 0.0, 0.0, 0.0, 0.0, 1.0],
                [1.0, 0.0, 0.0, 0.0, 0.0, 1.0, 0.0, 0.05, -0.0, -0.0, 1.0, 0.0, 0.0, 0.0, 0.0, 1.0],
                [1.0, 0.0, -0.0, -0.0, 0.0, 1.0, 0.0, 0.05, 0.0, -0.0, 1.0, -0.0, 0.0, 0.0, 0.0, 1.0]
            ]
        },
        {
            "name": "Chest",
            "time": [0.0, 0.1167, 0.2, 0.4, 0.65],
            "transform": [
                [0.996202, -0.086824, -0.006579, 0.0, 0.086824, 0.984808, 0.150384, 0.3, -0.006578, -0.150384, 0.988606, 0.0, 0.0, 0.0, 0.0, 1.0],
                [0.996457, -0.083996, -0.004311, 0.0, 0.084068, 0.99311, 0.081639, 0.3, -0.002576, -0.081712, 0.996653, 0.0, 0.0, 0.0, 0.0, 1.0],
                [0.999703, -0.024246, -0.002576, 0.0, 0.024033, 0.997691, -0.06352, 0.3, 0.00411, 0.063439, 0.997977, 0.0, 0.0, 0.0, 0.0, 1.0],
                [0.999874, 0.014869, -0.005527, -0.0, -0.015466, 0.99122, -0.131315, 0.3, 0.003525, 0.131384, 0.991325, 0.0, 0.0, 0.0, 0.0, 1.0],
                [0.999839, 0.017017, -0.005762, 0.0, -0.017638, 0.990711, -0.134836, 0.3, 0.003413, 0.134916, 0.990851, 0.0, 0.0, 0.0, 0.0, 1.0]
            ]
        },
        {
            "name": "Head",
            "time": [0.0, 0.1167, 0.2, 0.4, 0.65],
            "transform": [
                [0.866025, 0.086824, 0.492404, -0.0, 0.0, 0.984808, -0.173648, 0.4, -0.5, 0.150384, 0.852868, 0.0, 0.0, 0.0, 0.0, 1.0],
                [0.906489, 0.102665, 0.409558, -0.0, -0.034242, 0.984669, -0.171041, 0.4, -0.420839, 0.141022, 0.896107, 0.0, 0.0, 0.0, 0.0, 1.0],
                [0.860109, 0.09967, -0.500278, -0.0, -0.160251, 0.98387, -0.079498, 0.4, 0.484285, 0.148547, 0.862208, 0.0, 0.0, 0.0, 0.0, 1.0],
                [0.513355, 0.087496, -0.853704, -0.0, -0.174002, 0.984738, -0.003706, 0.4, 0.840351, 0.150449, 0.520745, 0.0, 0.0, 0.0, 0.0, 1.0],
                [0.492404, 0.086824, -0.866025, -0.0, -0.173648, 0.984808, -0.0, 0.4, 0.852868, 0.150384, 0.5, 0.0, 0.0, 0.0, 0.0, 1.0]
            ]
        },
        {
            "name": "Shoulder_R",
            "time": [0.0, 0.1167, 0.2, 0.4, 0.65],
            "transform": [
                [0.0, 0.952115, 0.305742, 0.0, -1e-06, -0.305743, 0.952114, 0.4, 1.0, -1e-06, 1e-06, 0.0, 0.0, 0.0, 0.0, 1.0],
                [0.0, 0.952115, 0.305743, 0.0, -1e-06, -0.305743, 0.952114, 0.4, 1.0, -1e-06, 1e-06, 0.0, 0.0, 0.0, 0.0, 1.0],
                [0.0, 0.952115, 0.305743, 0.0, -1e-06, -0.305743, 0.952114, 0.4, 1.0, -1e-06, 1e-06, 0.0, 0.0, 0.0, 0.0, 1.0],
                [0.0, 0.952115, 0.305742, -0.0, -1e-06, -0.305743, 0.952114, 0.4, 1.0, -1e-06, 1e-06, 0.0, 0.0, 0.0, 0.0, 1.0],
                [0.0, 0.952115, 0.305742, -0.0, -1e-06, -0.305743, 0.952114, 0.4, 1.0, -1e-06, 1e-06, 0.0, 0.0, 0.0, 0.0, 1.0]
            ]
        },
        {
            "name": "Arm_R",
            "time": [0.0, 0.1167, 0.2, 0.4, 0.65],
            "transform": [
                [-1e-06, -0.954818, 0.297196, -0.0, -0.305743, -0.282964, -0.909095, 0.39386, 0.952114, -0.090866, -0.291928, 0.0, 0.0, 0.0, 0.0, 1.0],
                [-0.13683, -0.574666, -0.806869, 0.0, 0.984854, 0.008645, -0.17317, 0.39386, 0.10649, -0.818344, 0.564779, 0.0, 0.0, 0.0, 0.0, 1.0],
                [-0.286301, -0.941491, -0.177845, 0.0, 0.919014, -0.217338, -0.328901, 0.39386, 0.271004, -0.257607, 0.927467, -0.0, 0.0, 0.0, 0.0, 1.0],
                [-0.295799, -0.894336, 0.33566, 0.0, 0.858165, -0.403135, -0.317859, 0.39386, 0.419589, 0.19403, 0.886735, -0.0, 0.0, 0.0, 0.0, 1.0],
                [-0.293991, -0.884985, 0.361072, -0.0, 0.85501, -0.412356, -0.314516, 0.39386, 0.427231, 0.216256, 0.8779, 0.0, 0.0, 0.0, 0.0, 1.0]
            ]
        },
        {
            "name": "Hand_R",
            "time": [0.0, 0.1167, 0.2, 0.4, 0.65],
            "transform": [
                [1.0, 0.0, -0.0, -0.0, -0.0, 0.644259, -0.764808, 0.3, 0.0, 0.764809, 0.644259, -0.0, 0.0, 0.0, 0.0, 1.0],
                [0.988876, -0.148645, -0.005424, 0.0, 0.110766, 0.760243, -0.640127, 0.3, 0.099275, 0.632406, 0.768251, -0.0, 0.0, 0.0, 0.0, 1.0],
                [0.974303, -0.224466, -0.018689, -0.0, 0.174555, 0.804885, -0.567179, 0.3, 0.142355, 0.549341, 0.823384, -0.0, 0.0, 0.0, 0.0, 1.0],
                [0.968561, -0.247591, -0.024266, 0.0, 0.195072, 0.816384, -0.543567, 0.3, 0.154392, 0.521744, 0.839016, -0.0, 0.0, 0.0, 0.0, 1.0],
                [0.968204, -0.248948, -0.024617, -0.0, 0.196292, 0.817027, -0.54216, 0.3, 0.155082, 0.52009, 0.839915, -0.0, 0.0, 0.0, 0.0, 1.0]
            ]
        },
        {
            "name": "Tool_R",
            "time": [0.0, 0.1167, 0.2, 0.4, 0.65],
            "transform": [
                [0.278908, -0.292521, -0.913514, -0.070079, 0.84391, -0.379769, 0.378372, 0.271204, -0.458286, -0.87735, 0.140797, -0.0, 0.0, 0.0, 0.0, 1.0],
                [0.050445, -0.247015, -0.966471, -0.07008, 0.900115, -0.408464, 0.151048, 0.271204, -0.432722, -0.878451, 0.201531, -0.0, 0.0, 0.0, 0.0, 1.0],
                [0.014277, -0.222076, -0.973692, -0.070079, 0.893062, -0.435582, 0.112205, 0.271204, -0.449708, -0.872059, 0.191913, -0.0, 0.0, 0.0, 0.0, 1.0],
                [0.006925, -0.214523, -0.97546, -0.07008, 0.889908, -0.44405, 0.103758, 0.271204, -0.456088, -0.869675, 0.187639, -0.0, 0.0, 0.0, 0.0, 1.0],
                [0.006925, -0.214523, -0.97546, -0.070079, 0.889908, -0.44405, 0.103758, 0.271204, -0.456088, -0.869676, 0.187638, 0.0, 0.0, 0.0, 0.0, 1.0]
            ]
        },
        {
            "name": "Elbow_R",
            "time": [0.0, 0.1167, 0.2, 0.4, 0.65],
            "transform": [
                [-1.0, 0.0, -0.0, 0.0, 0.0, 0.0, -1.0, 0.3, -0.0, -0.999999, 0.0, -0.0, 0.0, 0.0, 0.0, 1.0],
                [-1.0, 0.0, -0.0, 0.0, 0.0, 0.0, -1.0, 0.3, -0.0, -0.999999, -0.0, -0.0, 0.0, 0.0, 0.0, 1.0],
                [-1.0, 0.0, -0.0, 0.0, 0.0, 0.0, -1.0, 0.3, -0.0, -0.999999, 0.0, -0.0, 0.0, 0.0, 0.0, 1.0],
                [-1.0, 0.0, -0.0, 0.0, 0.0, 0.0, -1.0, 0.3, -0.0, -0.999999, 0.0, -0.0, 0.0, 0.0, 0.0, 1.0],
                [-1.0, 0.0, -0.0, 0.0, 0.0, 0.0, -1.0, 0.3, -0.0, -0.999999, 0.0, -0.0, 0.0, 0.0, 0.0, 1.0]
            ]
        },
        {
            "name": "Shoulder_L",
            "time": [0.0, 0.1167, 0.2, 0.4, 0.65],
            "transform": [
                [-2e-06, -0.952115, -0.30574, 0.0, 4e-06, -0.30574, 0.952115, 0.399999, -1.0, 0.0, 4e-06, 0.0, 0.0, 0.0, 0.0, 1.0],
                [-2e-06, -0.952115, -0.30574, 0.0, 4e-06, -0.305741, 0.952115, 0.399999, -1.000001, 0.0, 4e-06, -0.0, 0.0, 0.0, 0.0, 1.0],
                [-2e-06, -0.952115, -0.30574, -0.0, 4e-06, -0.30574, 0.952115, 0.399999, -1.000001, 0.0, 4e-06, -0.0, 0.0, 0.0, 0.0, 1.0],
                [-2e-06, -0.952115, -0.30574, -0.0, 4e-06, -0.30574, 0.952115, 0.399999, -1.000001, 0.0, 4e-06, -0.0, 0.0, 0.0, 0.0, 1.0],
                [-2e-06, -0.952115, -0.30574, 0.0, 4e-06, -0.30574, 0.952115, 0.399999, -1.000001, 0.0, 4e-06, -0.0, 0.0, 0.0, 0.0, 1.0]
            ]
        },
        {
            "name": "Arm_L",
            "time": [0.0, 0.1167, 0.2, 0.4, 0.65],
            "transform": [
                [-0.670489, 0.519917, 0.529274, -0.0, -0.69058, -0.176586, -0.701368, 0.39386, -0.27119, -0.835765, 0.477443, 0.0, 0.0, 0.0, 0.0, 1.0],
