{
    "animation": [
        {
            "name": "Root",
            "time": [0.0, 0.0167, 0.1667, 0.3333],
            "transform": [
                [1.0, 0.0, 0.0, 1.7e-05, 0.0, 0.0, -1.0, 0.000905, 0.0, 1.0, 0.0, 0.774191, 0.0, 0.0, 0.0, 1.0],
                [0.866025, 0.0, -0.5, -0.066654, -0.5, 0.0, -0.866025, 0.018768, 0.0, 1.0, 0.0, 0.674191, 0.0, 0.0, 0.0, 1.0],
                [0.866025, 0.0, -0.5, -0.316654, -0.5, 0.0, -0.866025, 0.268768, 0.0, 1.0, 0.0, 0.674191, 0.0, 0.0, 0.0, 1.0],
                [0.34202, 0.0, 0.939693, -0.316654, 0.939693, 0.0, -0.34202, -0.064218, 0.0, 1.0, 0.0, 0.474879, 0.0, 0.0, 0.0, 1.0]
            ]
        },
        {
            "name": "Thigh_R",
            "time": [0.0, 0.0167, 0.1667, 0.3333],
            "transform": [
                [1.0, -0.0, -0.0, 0.124994, -0.0, -0.999926, 0.011989, -0.002831, -0.0, -0.011989, -0.999928, -1.2e-05, 0.0, 0.0, 0.0, 1.0],
                [0.867191, 0.321592, 0.380207, 0.124994, -0.019698, -0.740755, 0.671485, -0.002831, 0.497585, -0.589794, -0.636043, -1.2e-05, 0.0, 0.0, 0.0, 1.0],
                [0.756099, 0.526537, -0.388678, 0.124994, 0.361712, -0.831152, -0.422314, -0.002831, -0.545415, 0.178721, -0.81889, -1.2e-05, 0.0, 0.0, 0.0, 1.0],
                [0.847928, 0.063276, -0.526321, 0.124994, 0.071625, -0.997419, -0.004521, -0.002831, -0.52525, -0.033864, -0.850274, -1.2e-05, 0.0, 0.0, 0.0, 1.0]
            ]
        },
        {
            "name": "Leg_R",
            "time": [0.0, 0.3333],
            "transform": [
                [1.0, 0.0, 1e-06, -0.0, -0.0, 0.999741, 0.022848, 0.37472, -1e-06, -0.022849, 0.999737, 0.0, 0.0, 0.0, 0.0, 1.0],
                [1.0, -1e-06, 1e-06, -0.0, -0.0, 0.214253, 0.976779, 0.37472, -1e-06, -0.976778, 0.214252, -0.0, 0.0, 0.0, 0.0, 1.0]
            ]
        },
        {
            "name": "Knee_R",
            "time": [0.0, 0.3333],
            "transform": [
                [1.0, 0.0, -0.0, -0.0, -0.0, 0.0, -1.0, 0.37472, -0.0, 1.0, 0.0, -0.0, 0.0, 0.0, 0.0, 1.0],
                [1.0, 0.0, -0.0, -0.0, -0.0, 0.0, -1.0, 0.37472, -0.0, 1.0, 0.0, -0.0, 0.0, 0.0, 0.0, 1.0]
            ]
        },
        {
            "name": "Thigh_L",
            "time": [0.0, 0.0167, 0.3333],
            "transform": [
                [0.999999, -0.0, -0.0, -0.125006, -0.0, -0.999921, 0.012544, -0.002831, -0.0, -0.012544, -0.999921, -1.2e-05, 0.0, 0.0, 0.0, 1.0],
                [0.866286, -0.322389, -0.381592, -0.125006, 0.020313, -0.740511, 0.671737, -0.002831, -0.499133, -0.589668, -0.634946, -1.2e-05, 0.0, 0.0, 0.0, 1.0],
                [0.863999, -0.495859, -0.087337, -0.125006, -0.022037, -0.210539, 0.977337, -0.002831, -0.503009, -0.842495, -0.192832, -1.2e-05, 0.0, 0.0, 0.0, 1.0]
            ]
        },
        {
            "name": "Leg_L",
            "time": [0.0, 0.3333],
            "transform": [
                [1.0, 0.0, 1e-06, -0.0, -0.0, 0.999714, 0.023919, 0.37472, -1e-06, -0.023919, 0.999714, 0.0, 0.0, 0.0, 0.0, 1.0],
                [1.0, -1e-06, 1e-06, 0.0, -0.0, 0.137035, 0.990566, 0.37472, -1e-06, -0.990566, 0.137036, 0.0, 0.0, 0.0, 0.0, 1.0]
            ]
        },
        {
            "name": "Knee_L",
            "time": [0.0, 0.3333],
            "transform": [
                [1.0, 0.0, -0.0, -0.0, -0.0, 0.0, -1.0, 0.37472, -0.0, 1.0, 0.0, 0.0, 0.0, 0.0, 0.0, 1.0],
                [1.0, 0.0, -0.0, 0.0, -0.0, 0.0, -1.0, 0.37472, -0.0, 1.0, 0.0, 0.0, 0.0, 0.0, 0.0, 1.0]
            ]
        },
        {
            "name": "Torso",
            "time": [0.0, 0.3333],
            "transform": [
                [1.0, 0.0, 0.0, 0.0, 0.0, 1.0, 0.0, 0.05, 0.0, -0.0, 1.0, 0.0, 0.0, 0.0, 0.0, 1.0],
                [1.0, 0.0, -0.0, -0.0, 0.0, 1.0, 0.0, 0.05, 0.0, -0.0, 1.0, -0.0, 0.0, 0.0, 0.0, 1.0]
            ]
        },
        {
            "name": "Chest",
            "time": [0.0, 0.0167, 0.1667, 0.3333],
            "transform": [
                [1.0, 0.0, -0.0, 0.0, -0.0, 1.0, 0.0, 0.3, 0.0, -0.0, 1.0, 0.0, 0.0, 0.0, 0.0, 1.0],
                [0.996202, -0.086824, -0.006579, 0.0, 0.086824, 0.984808, 0.150384, 0.3, -0.006578, -0.150384, 0.988606, 0.0, 0.0, 0.0, 0.0, 1.0],
                [0.996457, -0.083996, -0.004311, 0.0, 0.084068, 0.99311, 0.081639, 0.3, -0.002576, -0.081712, 0.996653, 0.0, 0.0, 0.0, 0.0, 1.0],
                [0.999839, 0.017017, -0.005762, 0.0, -0.017638, 0.990711, -0.134836, 0.3, 0.003413, 0.134916, 0.990851, 0.0, 0.0, 0.0, 0.0, 1.0]
            ]
        },
        {
            "name": "Head",
            "time": [0.0, 0.0167, 0.1667, 0.3333],
            "transform": [
                [1.0, -0.0, 0.0, -0.0, 0.0, 1.0, -0.0, 0.4, -0.0, 0.0, 1.0, 0.0, 0.0, 0.0, 0.0, 1.0],
                [0.866025, 0.086824, 0.492404, -0.0, 0.0, 0.984808, -0.173648, 0.4, -0.5, 0.150384, 0.852868, 0.0, 0.0, 0.0, 0.0, 1.0],
                [0.906489, 0.102665, 0.409558, -0.0, -0.034242, 0.984669, -0.171041, 0.4, -0.420839, 0.141022, 0.896107, 0.0, 0.0, 0.0, 0.0, 1.0],
                [0.492404, 0.086824, -0.866025, -0.0, -0.173648, 0.984808, -0.0, 0.4, 0.852868, 0.150384, 0.5, 0.0, 0.0, 0.0, 0.0, 1.0]
            ]
        },
        {
            "name": "Shoulder_R",
            "time": [0.0, 0.3333],
            "transform": [
                [0.0, 0.952115, 0.305743, 0.0, -1e-06, -0.305743, 0.952114, 0.4, 1.0, -1e-06, 1e-06, 0.0, 0.0, 0.0, 0.0, 1.0],
                [0.0, 0.952115, 0.305742, -0.0, -1e-06, -0.305743, 0.952114, 0.4, 1.0, -1e-06, 1e-06, 0.0, 0.0, 0.0, 0.0, 1.0]
            ]
        },
        {
            "name": "Arm_R",
            "time": [0.0, 0.0167, 0.1667, 0.3333],
            "transform": [
                [0.0, 0.0, -1.0, -0.0, 0.952114, 0.305743, 0.0, 0.39386, 0.305743, -0.952115, -0.0, 0.0, 0.0, 0.0, 0.0, 1.0],
                [-1e-06, -0.954818, 0.297196, -0.0, -0.305743, -0.282964, -0.909095, 0.39386, 0.952114, -0.090866, -0.291928, 0.0, 0.0, 0.0, 0.0, 1.0],
                [-0.13683, -0.574666, -0.806869, 0.0, 0.984854, 0.008645, -0.17317, 0.39386, 0.10649, -0.818344, 0.564779, 0.0, 0.0, 0.0, 0.0, 1.0],
                [-0.293991, -0.884985, 0.361072, -0.0, 0.85501, -0.412356, -0.314516, 0.39386, 0.427231, 0.216256, 0.8779, 0.0, 0.0, 0.0, 0.0, 1.0]
            ]
        },
        {
            "name": "Hand_R",
            "time": [0.0, 0.0167, 0.3333],
            "transform": [
                [1.0, 0.0, -0.0, 0.0, -0.0, 0.999999, 0.001922, 0.300001, 0.0, -0.001922, 0.999999, -0.0, 0.0, 0.0, 0.0, 1.0],
                [1.0, 0.0, -0.0, -0.0, -0.0, 0.644259, -0.764808, 0.3, 0.0, 0.764809, 0.644259, -0.0, 0.0, 0.0, 0.0, 1.0],
                [0.968204, -0.248948, -0.024617, -0.0, 0.196292, 0.817027, -0.54216, 0.3, 0.155082, 0.52009, 0.839915, -0.0, 0.0, 0.0, 0.0, 1.0]
            ]
        },
        {
            "name": "Tool_R",
            "time": [0.0, 0.0167, 0.3333],
            "transform": [
                [1.0, -0.0, 0.0, 0.0, -0.0, -0.999768, 0.000635, 0.271204, 0.0, -0.000636, -0.998747, -0.0, 0.0, 0.0, 0.0, 1.0],
                [0.006925, 0.976457, -0.214303, -0.070079, 0.889908, -0.103863, -0.443596, 0.271204, -0.456087, -0.18783, -0.868789, -0.0, 0.0, 0.0, 0.0, 1.0],
                [0.006925, 0.976457, -0.214303, -0.070079, 0.889908, -0.103863, -0.443596, 0.271204, -0.456087, -0.18783, -0.868789, 0.0, 0.0, 0.0, 0.0, 1.0]
            ]
        },
        {
            "name": "Elbow_R",
            "time": [0.0, 0.3333],
            "transform": [
                [-1.0, 0.0, -0.0, 0.0, 0.0, 0.0, -1.0, 0.3, -0.0, -0.999999, 0.0, -0.0, 0.0, 0.0, 0.0, 1.0],
                [-1.0, 0.0, -0.0, 0.0, 0.0, 0.0, -1.0, 0.3, -0.0, -0.999999, 0.0, -0.0, 0.0, 0.0, 0.0, 1.0]
            ]
        },
        {
            "name": "Shoulder_L",
            "time": [0.0, 0.3333],
            "transform": [
                [-2e-06, -0.952115, -0.30574, 0.0, 4e-06, -0.30574, 0.952115, 0.399999, -1.000001, 0.0, 4e-06, 0.0, 0.0, 0.0, 0.0, 1.0],
                [-2e-06, -0.952115, -0.30574, 0.0, 4e-06, -0.30574, 0.952115, 0.399999, -1.000001, 0.0, 4e-06, -0.0, 0.0, 0.0, 0.0, 1.0]
            ]
        },
        {
            "name": "Arm_L",
            "time": [0.0, 0.0167, 0.1667, 0.3333],
            "transform": [
                [-2e-06, -4e-06, 1.0, -0.0, -0.952115, 0.305739, -1e-06, 0.39386, -0.305739, -0.952115, -4e-06, 0.0, 0.0, 0.0, 0.0, 1.0],
                [-0.670489, 0.519917, 0.529274, -0.0, -0.69058, -0.176586, -0.701368, 0.39386, -0.27119, -0.835765, 0.477443, 0.0, 0.0, 0.0, 0.0, 1.0],
                [-0.583733, 0.668507, 0.460818, -0.0, -0.797856, -0.367003, -0.478262, 0.39386, -0.1506, -0.646844, 0.747605, 0.0, 0.0, 0.0, 0.0, 1.0],
                [-0.047967, 0.983597, -0.173885, -0.0, -0.444425, -0.176921, -0.878171, 0.39386, -0.89453, 0.035156, 0.445622, -0.0, 0.0, 0.0, 0.0, 1.0]
            ]
        },
        {
            "name": "Hand_L",
            "time": [0.0, 0.0167, 0.1667, 0.3333],
            "transform": [
                [1.0, -0.0, -0.0, -0.0, 0.0, 0.999999, 0.001922, 0.3, 0.0, -0.001922, 0.999999, 0.0, 0.0, 0.0, 0.0, 1.0],
                [1.0, -1e-06, 0.0, 0.0, 1e-06, 0.866985, -0.498335, 0.3, 0.0, 0.498335, 0.866985, 0.0, 0.0, 0.0, 0.0, 1.0],
                [0.997281, 0.015237, -0.072099, 0.0, -0.036558, 0.951804, -0.304523, 0.3, 0.063984, 0.306331, 0.949773, -0.0, 0.0, 0.0, 0.0, 1.0],
                [0.967481, 0.163121, -0.193318, 0.0, -0.244007, 0.400517, -0.883203, 0.3, -0.066642, 0.901654, 0.427295, 0.0, 0.0, 0.0, 0.0, 1.0]
            ]
        },
        {
            "name": "Tool_L",
            "time": [0.0, 0.3333],
            "transform": [
                [1.0, -0.0, 0.0, -0.0, 0.0, -0.999999, 0.000318, 0.271204, 0.0, -0.000318, -0.999961, -0.0, 0.0, 0.0, 0.0, 1.0],
                [1.0, -0.0, 0.0, -0.0, 0.0, -0.999999, 0.000318, 0.271205, 0.0, -0.000318, -0.999961, -0.0, 0.0, 0.0, 0.0, 1.0]
            ]
        },
        {
            "name": "Elbow_L",
            "time": [0.0, 0.3333],
            "transform": [
                [-1.0, 0.0, 1e-06, -0.0, -1e-06, 0.0, -1.0, 0.3, -0.0, -1.0, -0.0, 0.0, 0.0, 0.0, 0.0, 1.0],
                [-1.0, 0.0, 1e-06, -0.0, -1e-06, 0.0, -1.0, 0.3, -0.0, -1.0, -0.0, 0.0, 0.0, 0.0, 0.0, 1.0]
            ]
        },
        {
            "name": "Leg_R_IK",
            "time": [0.0, 0.0167, 0.1667, 0.3333],
            "transform": [
                [1.0, 0.0, 0.0, 0.125011, 0.0, -0.0, -1.0, 0.000917, 0.0, 1.0, 0.0, 0.02164, 0.0, 0.0, 0.0, 1.0],
                [0.866026, -0.0, -0.5, 0.228202, -0.5, -0.0, -0.866025, 0.079486, 0.0, 1.0, 0.0, 0.02164, 0.0, 0.0, 0.0, 1.0],
                [0.866026, -0.0, -0.5, 0.078202, -0.5, -0.0, -0.866025, -0.120514, 0.0, 1.0, 0.0, 0.02164, 0.0, 0.0, 0.0, 1.0],
                [0.866026, -0.0, -0.5, 0.078202, -0.5, -0.0, -0.866025, 0.159689, 0.0, 1.0, 0.0, 0.02164, 0.0, 0.0, 0.0, 1.0]
            ]
        },
        {
            "name": "Leg_L_IK",
            "time": [0.0, 0.0167, 0.1667, 0.3333],
            "transform": [
                [1.0, 0.0, 0.0, -0.124989, 0.0, -0.0, -1.0, 0.000917, 0.0, 1.0, 0.0, 0.02164, 0.0, 0.0, 0.0, 1.0],
                [0.866026, -0.0, -0.5, -0.161509, -0.5, -0.0, -0.866025, 0.304486, 0.0, 1.0, 0.0, 0.02164, 0.0, 0.0, 0.0, 1.0],
                [0.866026, -0.0, -0.5, -0.461509, -0.5, -0.0, -0.866025, 0.604486, 0.0, 1.0, 0.0, 0.02164, 0.0, 0.0, 0.0, 1.0],
                [0.866026, -0.0, -0.5, -0.689295, -0.5, -0.0, -0.866025, -0.251167, 0.0, 1.0, 0.0, 0.02164, 0.0, 0.0, 0.0, 1.0]
            ]
        }
    ]
}